0.000000000000000000e+00 0.000000000000000000e+00 0.000000000000000000e+00
-1.133398902144935466e-01 7.147153486299101814e+02 2.051346052105983290e+03
-2.054366400586253860e+00 3.397026012185232048e+03 2.296195779598488571e+03
0.000000000000000000e+00 5.175000000000000000e+03 0.000000000000000000e+00
-7.427958759546060996e+00 5.894269816468986392e+03 2.069598585837661631e+03
-1.996353798449289130e+01 7.684683301987404775e+03 5.451434990432127051e+03
-3.674204957125213156e+01 8.625134638166215154e+03 8.950905950961268900e+03
-3.576891082808963951e+00 6.989544965667116230e+03 1.867231734046064958e+03
0.000000000000000000e+00 1.067500000000000000e+04 0.000000000000000000e+00
2.860958193761653057e+00 1.137037095448094806e+04 2.084544426553898575e+03
7.351732624314393227e+00 1.320718088941842507e+04 5.519153972555322071e+03
-9.881995904721099677e+00 1.412513463816621515e+04 8.952318922733906220e+03
-3.419759275972095480e+01 1.409020159806672564e+04 2.052349528341476798e+03
0.000000000000000000e+00 1.617500000000000000e+04 0.000000000000000000e+00
7.608522279027696733e+00 1.710152462265850409e+04 1.992565101055487276e+03
2.123584613782523078e+01 1.869985986387024604e+04 5.364579927977792067e+03
1.697805776180993220e+01 1.962513463816621515e+04 8.736099560022938022e+03
1.083211291628430445e+03 6.779080326100076945e+02 2.050804644954787364e+03
1.081253365378350736e+03 3.358092212771636241e+03 2.229424729981871224e+03
1.076013342498826660e+03 5.853071254332931858e+03 2.059586450508164489e+03
1.624934078171484543e+03 6.554461052509019510e+02 2.050658894529756708e+03
1.617773927298358331e+03 5.829586017527696640e+03 2.052881703877836571e+03
2.166650683272707738e+03 6.395919629031592422e+02 2.051069671876065058e+03
2.165760277213218615e+03 1.979470987341917862e+03 2.136043568931300342e+03
2.164666964455067500e+03 3.319317273850521815e+03 2.177832491701604795e+03
2.161500458211889963e+03 4.567112799498152526e+03 2.140919871888408579e+03
2.159114096258888821e+03 5.814896721706495555e+03 2.050711906444455508e+03
3.004534669572258281e+03 1.684183056723835398e+04 2.035226670327943339e+03
3.250000000000000000e+03 0.000000000000000000e+00 0.000000000000000000e+00
3.250112021653736065e+03 6.395376746394855445e+02 2.054864794715068456e+03
3.249029889340803038e+03 1.979768104334747022e+03 2.112630333214797247e+03
3.248635495017963876e+03 3.319853279672371173e+03 2.156255451221699332e+03
3.244820125213096162e+03 4.567248815297009969e+03 2.151377217020294211e+03
3.250000000000000000e+03 5.175000000000000000e+03 0.000000000000000000e+00
3.241383815230371511e+03 5.814255703484984224e+03 2.053238330135614433e+03
3.229401333929256907e+03 6.903518579999926260e+03 5.407171297783450427e+03
3.213257950428747790e+03 8.609262788272357284e+03 8.871076506911893375e+03
3.245710897424664836e+03 6.917061677483660787e+03 1.961601073183386916e+03
3.251234368861921212e+03 8.019741984218072503e+03 1.947343132806362291e+03
3.253419271988794208e+03 9.122353241646040260e+03 1.977613548587973582e+03
3.251010053773481104e+03 1.022490676249228090e+04 2.023021331193012429e+03
3.252637592574243172e+03 1.132740515481977855e+04 2.061072478272124954e+03
3.254811456414176064e+03 1.242870957163467756e+04 2.076093473273028849e+03
3.253236149299708359e+03 1.352996039009457309e+04 2.073259447973742226e+03
3.253593868628292512e+03 1.463116073374950975e+04 2.062528601702881133e+03
3.253464884404414533e+03 1.573230829336143324e+04 2.050414876273598566e+03
3.254364955898748121e+03 1.683340886958645569e+04 2.038292999817114378e+03
4.425136871570521180e+03 6.620158096356452688e+02 2.064559946875345304e+03
4.424056156626065786e+03 2.002033266952111717e+03 2.091157040059545125e+03
4.423742796264730714e+03 3.342077674886862496e+03 2.117665335603830044e+03
4.898136840783674415e+03 6.684761814837162319e+02 2.067533843356896341e+03
4.896797878670591672e+03 3.348586764298458093e+03 2.106173104161705396e+03
4.893827487598282460e+03 4.596238764240292767e+03 2.091387669012092374e+03
4.891265705737373537e+03 5.843863818811048986e+03 2.069753769484183522e+03
4.893199415322008463e+03 6.944077626354098356e+03 2.059259904886957429e+03
4.899229406200461199e+03 8.044276545511527729e+03 2.055197408571632423e+03
4.901463291464953727e+03 9.144458392674894640e+03 2.054643096085182606e+03
4.898944643219701902e+03 1.024461690395412006e+04 2.054572722312701899e+03
4.900524162546670595e+03 1.134475514313560598e+04 2.051718144853522062e+03
4.902875411474000430e+03 1.244524821650368176e+04 2.048136623613093434e+03
4.901214443036293233e+03 1.354572060588600652e+04 2.047202549579310244e+03
4.901576248827808740e+03 1.464616784955431285e+04 2.047585539916759217e+03
4.901602272922223165e+03 1.574616993149654445e+04 2.047804054233885381e+03
4.901226054576326533e+03 1.684614589369577880e+04 2.047530606559037551e+03
6.000000000000000000e+03 1.067500000000000000e+04 0.000000000000000000e+00
6.002402892848626834e+03 1.134244541980788017e+04 2.049257296688304905e+03
6.000000000000000000e+03 1.617500000000000000e+04 0.000000000000000000e+00
6.002569066574282260e+03 1.685475619995680972e+04 2.047426137853796945e+03
6.008648546573514068e+03 1.831098583763320130e+04 5.447838798376611521e+03
6.016978057761810305e+03 1.959583276143909097e+04 8.850131717011299770e+03
7.102090920469406228e+03 6.686706793477134170e+02 2.066813526380843996e+03
7.101060987917810962e+03 3.348593340642943076e+03 2.108118628836767130e+03
7.099888560144277108e+03 4.243580217444541631e+03 2.097675333689704530e+03
7.099097366133052674e+03 4.596071980929513302e+03 2.090995650898325948e+03
7.098728130123219671e+03 5.043556237568247525e+03 2.081824936285228887e+03
7.097694916851870403e+03 5.843519705095151949e+03 2.067114845653318753e+03
7.101958129595966057e+03 6.943629914442860354e+03 2.055440043750095356e+03
7.105554147812823430e+03 8.043716002547284006e+03 2.051117569223127248e+03
7.105837469482646156e+03 9.143974874690997240e+03 2.051069627511702492e+03
7.106782644331477968e+03 1.024420552259926808e+04 2.051850645313885707e+03
7.104282000878114559e+03 1.134460045413488842e+04 2.049863307159444503e+03
7.104107809955972698e+03 1.244522523779137373e+04 2.046924203558795170e+03
7.104807503984864525e+03 1.354581869663815451e+04 2.046371402093644292e+03
7.104743331107157246e+03 1.464638312342668542e+04 2.046912546548387127e+03
7.104566865120557850e+03 1.574645347147862412e+04 2.047094577296612897e+03
7.103899778013508694e+03 1.684649447062362742e+04 2.046716772148771270e+03
7.575087421201433244e+03 6.649329220397610243e+02 2.063811789098575446e+03
7.574130626211465824e+03 3.345049359175799964e+03 2.120665011274284552e+03
8.750000000000000000e+03 0.000000000000000000e+00 0.000000000000000000e+00
8.750090364809271705e+03 6.551246860487874528e+02 2.055842867300313628e+03
8.749292015655624709e+03 3.335437632870702146e+03 2.161881659185954504e+03
8.747812858790079190e+03 4.230321731877866114e+03 2.164195801537368880e+03
8.748231709860223418e+03 5.030198872086679330e+03 2.131407873216476673e+03
8.750000000000000000e+03 5.175000000000000000e+03 0.000000000000000000e+00
8.747615957999281818e+03 5.830059816648991728e+03 2.051606916516454476e+03
8.732874884940201810e+03 6.912183414686449396e+03 5.403752573581268734e+03
8.713257950428747790e+03 8.582402734605824662e+03 8.865889453474072070e+03
8.749694548354600556e+03 6.934123908225367813e+03 1.969796147512782909e+03
8.753534723100756310e+03 8.037125222086386202e+03 1.963396846594636827e+03
8.753939931633593005e+03 9.140087718044418580e+03 1.990485264068856168e+03
8.754742637545046819e+03 1.024220207931034747e+04 2.028449827265537124e+03
8.752218604702937228e+03 1.134427898654552700e+04 2.058621900129572168e+03
8.752122951997303971e+03 1.244507037687562843e+04 2.067120837976232451e+03
8.752398126816824515e+03 1.354582891821696285e+04 2.062432128919415845e+03
8.752722977772489685e+03 1.464665575731510580e+04 2.053666990482757683e+03
8.752479611228538488e+03 1.574744767425485952e+04 2.045704361047878365e+03
8.750788900243045646e+03 1.684828349388970673e+04 2.038551286558060838e+03
9.000624488601824851e+03 1.685675449712531190e+04 2.035761071047573523e+03
9.249384887687598166e+03 3.340666522487294515e+03 2.179880079451329493e+03
9.247897907877961188e+03 5.836341477622030652e+03 2.049749209555472589e+03
9.810719591434743052e+03 5.845933089205597753e+03 2.049398066995623594e+03
9.817261936960128878e+03 5.339565248931770839e+03 2.087929052251253779e+03
9.820105251702716487e+03 4.719544734158655046e+03 2.132010010782134941e+03
9.821988688144156185e+03 3.350752714372310038e+03 2.199176667001931946e+03
9.833372312295177835e+03 6.703035474242261671e+02 2.053299255787481798e+03
1.037356121756539869e+04 5.855689589592959237e+03 2.051959797503369373e+03
1.091675030107873863e+04 6.882593920119455788e+02 2.054626357663375984e+03
1.091637771533832529e+04 3.368273294747348700e+03 2.230752710687609124e+03
1.091972351951079509e+04 4.741235086646498530e+03 2.144890565554170735e+03
1.091936646196370384e+04 5.361233438822015160e+03 2.097836964348407491e+03
1.091551303165407808e+04 5.863240404660717104e+03 2.058232516527723419e+03
1.200000000000000000e+04 0.000000000000000000e+00 0.000000000000000000e+00
1.200002582516658185e+04 6.949956123543740887e+02 2.056580246431754858e+03
1.199984602399681535e+04 3.375782972203719055e+03 2.251808348291233415e+03
1.200000000000000000e+04 5.175000000000000000e+03 0.000000000000000000e+00
1.199933955052632882e+04 5.871360350595083219e+03 2.069230129574048988e+03
1.198193542781237375e+04 7.615375773412851231e+03 5.454160855084964169e+03
1.196325795042874779e+04 8.566530884711966792e+03 8.953495926515919564e+03
1.199961711789848960e+04 6.966499805325753186e+03 1.995519684848752831e+03
1.200000000000000000e+04 1.067500000000000000e+04 0.000000000000000000e+00
1.200177614969947899e+04 1.134675054587375234e+04 2.084174267007285380e+03
1.198960308620043361e+04 1.314941139635698892e+04 5.517557118675259517e+03
1.199011800409527859e+04 1.406653088471196679e+04 8.950710483668355664e+03
1.204328294832715983e+04 1.407010638240482876e+04 2.051249743910070720e+03
1.200000000000000000e+04 1.617500000000000000e+04 0.000000000000000000e+00
1.199878552117397885e+04 1.707616967642871532e+04 1.992808895116244912e+03
1.200010138052460388e+04 1.864240991922335161e+04 5.364366301283072062e+03
1.201697805776180940e+04 1.956653088471196679e+04 8.735886174757220942e+03
1.400000000000000000e+04 0.000000000000000000e+00 0.000000000000000000e+00
1.399997417483341633e+04 6.949956123542643809e+02 2.056580246431754858e+03
1.400015397600318829e+04 3.375782972203609006e+03 2.251808348291216134e+03
1.400000000000000000e+04 5.175000000000000000e+03 0.000000000000000000e+00
1.400066044947367664e+04 5.871360350594972260e+03 2.069230129574047169e+03
1.401806457218764444e+04 7.615375773412410126e+03 5.454160855084957802e+03
1.403674204957129041e+04 8.566530884711353792e+03 8.953495926515906831e+03
1.400038288210151404e+04 6.966499805325640409e+03 1.995519684848758516e+03
1.400000000000000000e+04 1.067500000000000000e+04 0.000000000000000000e+00
1.399822385030052101e+04 1.134675054587363593e+04 2.084174267007279013e+03
1.401039691379957185e+04 1.314941139635654326e+04 5.517557118675243146e+03
1.400988199590473414e+04 1.406653088471135379e+04 8.950710483668339293e+03
1.395671705167284563e+04 1.407010638240471781e+04 2.051249743910070720e+03
1.400000000000000000e+04 1.617500000000000000e+04 0.000000000000000000e+00
1.400121447882601751e+04 1.707616967642855889e+04 1.992808895116254917e+03
1.399989861947538884e+04 1.864240991922291141e+04 5.364366301283086614e+03
1.398302194223817787e+04 1.956653088471135561e+04 8.735886174757240951e+03
1.508324969892125955e+04 6.882593920118154074e+02 2.054626357663376439e+03
1.508362228466167653e+04 3.368273294747216369e+03 2.230752710687584113e+03
1.508027648048921947e+04 4.741235086646364834e+03 2.144890565554156183e+03
1.508063353803631071e+04 5.361233438821882373e+03 2.097836964348399761e+03
1.508448696834592738e+04 5.863240404660585227e+03 2.058232516527721600e+03
1.562643878243460858e+04 5.855689589592837365e+03 2.051959797503368918e+03
1.616662768770482216e+04 6.703035474241324891e+02 2.053299255787482252e+03
1.617801131185584745e+04 3.350752714372214541e+03 2.199176667001910118e+03
1.617989474829729807e+04 4.719544734158557731e+03 2.132010010782122663e+03
1.618273806303988385e+04 5.339565248931672613e+03 2.087929052251247867e+03
1.618928040856526241e+04 5.845933089205500437e+03 2.049398066995623594e+03
1.675061511231240365e+04 3.340666522487233124e+03 2.179880079451312213e+03
1.675210209212204427e+04 5.836341477621968806e+03 2.049749209555472135e+03
1.699937551139817515e+04 1.685675449712526097e+04 2.035761071047579208e+03
1.725000000000000000e+04 0.000000000000000000e+00 0.000000000000000000e+00
1.724990963519072830e+04 6.551246860487473214e+02 2.055842867300312719e+03
1.725070798434437893e+04 3.335437632870661218e+03 2.161881659185941771e+03
1.725218714120992445e+04 4.230321731877826096e+03 2.164195801537356147e+03
1.725176829013978568e+04 5.030198872086638403e+03 2.131407873216467124e+03
1.725000000000000000e+04 5.175000000000000000e+03 0.000000000000000000e+00
1.725238404200072546e+04 5.830059816648951710e+03 2.051606916516453566e+03
1.726712511505981456e+04 6.912183414686205651e+03 5.403752573581266915e+03
1.728674204957129041e+04 8.582402734605228034e+03 8.865889453474070251e+03
1.725030545164540308e+04 6.934123908225326886e+03 1.969796147512790185e+03
1.724646527689924551e+04 8.037125222086346184e+03 1.963396846594644558e+03
1.724606006836640881e+04 9.140087718044376743e+03 1.990485264068860488e+03
1.724525736245495500e+04 1.024220207931030382e+04 2.028449827265537806e+03
1.724778139529706459e+04 1.134427898654548335e+04 2.058621900129570804e+03
1.724787704800270149e+04 1.244507037687558295e+04 2.067120837976230632e+03
1.724760187318318276e+04 1.354582891821691555e+04 2.062432128919415845e+03
1.724727702222752123e+04 1.464665575731505669e+04 2.053666990482759502e+03
1.724752038877146697e+04 1.574744767425480859e+04 2.045704361047882230e+03
1.724921109975695072e+04 1.684828349388965944e+04 2.038551286558066067e+03
1.842491257879856494e+04 6.649329220397302151e+02 2.063811789098570898e+03
1.842586937378853690e+04 3.345049359175768586e+03 2.120665011274280005e+03
1.889790907953059286e+04 6.686706793476852226e+02 2.066813526380838084e+03
1.889893901208219177e+04 3.348593340642914882e+03 2.108118628836763492e+03
1.890011143985572562e+04 4.243580217444514346e+03 2.097675333689704075e+03
1.890090263386695005e+04 4.596071980929484198e+03 2.090995650898325948e+03
1.890127186987678942e+04 5.043556237568217512e+03 2.081824936285229342e+03
1.890230508314813778e+04 5.843519705095120116e+03 2.067114845653317843e+03
1.889804187040403849e+04 6.943629914442823974e+03 2.055440043750093992e+03
1.889444585218718203e+04 8.043716002547245807e+03 2.051117569223125884e+03
1.889416253051735839e+04 9.143974874690957222e+03 2.051069627511701128e+03
1.889321735566852294e+04 1.024420552259922624e+04 2.051850645313884797e+03
1.889571799912188726e+04 1.134460045413484477e+04 2.049863307159444503e+03
1.889589219004403276e+04 1.244522523779132825e+04 2.046924203558796080e+03
1.889519249601514457e+04 1.354581869663810721e+04 2.046371402093645429e+03
1.889525666889285276e+04 1.464638312342663812e+04 2.046912546548388491e+03
1.889543313487944761e+04 1.574645347147857683e+04 2.047094577296614489e+03
1.889610022198648949e+04 1.684649447062358013e+04 2.046716772148773089e+03
2.000000000000000000e+04 1.067500000000000000e+04 0.000000000000000000e+00
1.999759710715137408e+04 1.134244541980784743e+04 2.049257296688304905e+03
2.000000000000000000e+04 1.617500000000000000e+04 0.000000000000000000e+00
1.999743093342571592e+04 1.685475619995677334e+04 2.047426137853797400e+03
1.999135145342647957e+04 1.831098583763292481e+04 5.447838798376612431e+03
1.998302194223817787e+04 1.959583276143850526e+04 8.850131717011301589e+03
2.110186315921632558e+04 6.684761814836997473e+02 2.067533843356889520e+03
2.110320212132941015e+04 3.348586764298441722e+03 2.106173104161692208e+03
2.110617251240172118e+04 4.596238764240276396e+03 2.091387669012085098e+03
2.110873429426263465e+04 5.843863818811030796e+03 2.069753769484183067e+03
2.110680058467799972e+04 6.944077626354081985e+03 2.059259904886960157e+03
2.110077059379954517e+04 8.044276545511514087e+03 2.055197408571635606e+03
2.109853670853505173e+04 9.144458392674878269e+03 2.054643096085184879e+03
2.110105535678030355e+04 1.024461690395410369e+04 2.054572722312702354e+03
2.109947583745333031e+04 1.134475514313559142e+04 2.051718144853521608e+03
2.109712458852599957e+04 1.244524821650366721e+04 2.048136623613092524e+03
2.109878555696371404e+04 1.354572060588599197e+04 2.047202549579308879e+03
2.109842375117220217e+04 1.464616784955429830e+04 2.047585539916758080e+03
2.109839772707778320e+04 1.574616993149653172e+04 2.047804054233884699e+03
2.109877394542366892e+04 1.684614589369576424e+04 2.047530606559037778e+03
2.157486312842947882e+04 6.620158096356336728e+02 2.064559946875339847e+03
2.157594384337393421e+04 2.002033266952100348e+03 2.091157040059534665e+03
2.157625720373527292e+04 3.342077674886851128e+03 2.117665335603815038e+03
2.275000000000000000e+04 0.000000000000000000e+00 0.000000000000000000e+00
2.274988797834626166e+04 6.395376746394839529e+02 2.054864794715067092e+03
2.275097011065919651e+04 1.979768104334746113e+03 2.112630333214785423e+03
2.275136450498203703e+04 3.319853279672370718e+03 2.156255451221682506e+03
2.275517987478690702e+04 4.567248815297008150e+03 2.151377217020281478e+03
2.275000000000000000e+04 5.175000000000000000e+03 0.000000000000000000e+00
2.275861618476963486e+04 5.814255703484985133e+03 2.053238330135614433e+03
2.277059866607076037e+04 6.903518579999724352e+03 5.407171297783450427e+03
2.278674204957129041e+04 8.609262788271782483e+03 8.871076506911893375e+03
2.275428910257534153e+04 6.917061677483663516e+03 1.961601073183396693e+03
2.274876563113808515e+04 8.019741984218080688e+03 1.947343132806374342e+03
2.274658072801120943e+04 9.122353241646054812e+03 1.977613548587982450e+03
2.274898994622652390e+04 1.022490676249229909e+04 2.023021331193015612e+03
2.274736240742575683e+04 1.132740515481979855e+04 2.061072478272123135e+03
2.274518854358582394e+04 1.242870957163470121e+04 2.076093473273024756e+03
2.274676385070029937e+04 1.352996039009460219e+04 2.073259447973737679e+03
2.274640613137172113e+04 1.463116073374953885e+04 2.062528601702877950e+03
2.274653511559559411e+04 1.573230829336146599e+04 2.050414876273597656e+03
2.274563504410125097e+04 1.683340886958649571e+04 2.038292999817115970e+03
2.299546533042773808e+04 1.684183056723839036e+04 2.035226670327945385e+03
2.383334931672728999e+04 6.395919629031560589e+02 2.051069671876065513e+03
2.383423972278678048e+04 1.979470987341912860e+03 2.136043568931287155e+03
2.383533303554493250e+04 3.319317273850518177e+03 2.177832491701585695e+03
2.383849954178811458e+04 4.567112799498148888e+03 2.140919871888395392e+03
2.384088590374111664e+04 5.814896721706491007e+03 2.050711906444455053e+03
2.437506592182851455e+04 6.554461052508803505e+02 2.050658894529756708e+03
2.438222607270164735e+04 5.829586017527675722e+03 2.052881703877836117e+03
2.491678870837156865e+04 6.779080326099608556e+02 2.050804644954786909e+03
2.491874663462165336e+04 3.358092212771588493e+03 2.229424729981843029e+03
2.492398665750118016e+04 5.853071254332884564e+03 2.059586450508163580e+03
2.600000000000000000e+04 0.000000000000000000e+00 0.000000000000000000e+00
2.600011333989021296e+04 7.147153486298103644e+02 2.051346052105982835e+03
2.600205436640058906e+04 3.397026012185132458e+03 2.296195779598447643e+03
2.600000000000000000e+04 5.175000000000000000e+03 0.000000000000000000e+00
2.600742795875955198e+04 5.894269816468885438e+03 2.069598585837657083e+03
2.601996353798450946e+04 7.684683301987009145e+03 5.451434990432116138e+03
2.603674204957129041e+04 8.625134638165656725e+03 8.950905950961252529e+03
2.600357689108281556e+04 6.989544965667015276e+03 1.867231734046091788e+03
2.600000000000000000e+04 1.067500000000000000e+04 0.000000000000000000e+00
2.599713904180624013e+04 1.137037095448084619e+04 2.084544426553892663e+03
2.599264826737569092e+04 1.320718088941802125e+04 5.519153972555306609e+03
2.600988199590473232e+04 1.412513463816565672e+04 8.952318922733889849e+03
2.603419759275971592e+04 1.409020159806662559e+04 2.052349528341476343e+03
2.600000000000000000e+04 1.617500000000000000e+04 0.000000000000000000e+00
2.599239147772097203e+04 1.710152462265836220e+04 1.992565101055496598e+03
2.597876415386217195e+04 1.869985986386984587e+04 5.364579927977806619e+03
2.598302194223817787e+04 1.962513463816565854e+04 8.736099560022958030e+03
