0.000000000000000000e+00 0.000000000000000000e+00 0.000000000000000000e+00
-1.465621877996447964e+01 7.267249367622996488e+02 2.051298753412078895e+03
-1.977981437224158157e+01 3.409056948834424020e+03 2.299000222756720632e+03
0.000000000000000000e+00 5.175000000000000000e+03 0.000000000000000000e+00
-1.742276163930458566e+01 5.906286085812885176e+03 2.068214201263850555e+03
-5.697575074246237392e+01 7.724495136113666376e+03 5.447838395422797475e+03
-1.065199187405176247e+02 8.677669917651464857e+03 8.947935272038792391e+03
-1.287045055173487818e+01 7.001450150882897105e+03 1.862702356109763059e+03
0.000000000000000000e+00 1.067500000000000000e+04 0.000000000000000000e+00
2.654997133923165720e+00 1.138182019414034039e+04 2.085034259059922533e+03
1.846157465850047086e-01 1.324723609065350502e+04 5.520472178142261328e+03
-3.058057449036866160e+01 1.417766991765146486e+04 8.953654257843614687e+03
-3.168156474552062107e+01 1.410105972344344627e+04 2.052408631616820003e+03
0.000000000000000000e+00 1.617500000000000000e+04 0.000000000000000000e+00
1.309298514770359212e+01 1.711654738225314213e+04 1.992151728324742180e+03
3.924882519065545239e+01 1.873986891806111089e+04 5.364079918169913981e+03
4.535876975978028725e+01 1.967766991765146668e+04 8.735122899710730053e+03
1.068635906441700854e+03 6.925790850566685322e+02 2.051486087078927085e+03
1.063522479237539301e+03 3.372790310602777936e+03 2.231631194641917773e+03
1.066163160053270758e+03 5.867819504207838690e+03 2.060276093984100498e+03
1.610342581803958865e+03 6.705910537273085765e+02 2.050759237961202871e+03
1.607997600302415549e+03 5.845938698684625706e+03 2.053079183730513705e+03
2.150950110917381608e+03 6.549299992719419379e+02 2.050707208134934717e+03
2.148257461494390100e+03 1.995221014220035386e+03 2.137183754917079114e+03
2.146928744098384414e+03 3.335482981598249353e+03 2.179774253685919120e+03
2.146889396175624370e+03 4.583625800401550805e+03 2.142356052802393606e+03
2.148849572465650908e+03 5.831746934160510136e+03 2.050638197286675677e+03
3.009010725901006481e+03 1.685699921812069806e+04 2.034716413458742636e+03
3.250000000000000000e+03 0.000000000000000000e+00 0.000000000000000000e+00
3.232439383461298348e+03 6.547705869732441215e+02 2.055045195679219432e+03
3.231519752549573241e+03 1.995000165423441331e+03 2.114249441381791257e+03
3.230105006900800163e+03 3.334862139099999695e+03 2.159076534377044936e+03
3.230196182993136517e+03 4.582035743976282902e+03 2.154466092594245765e+03
3.250000000000000000e+03 5.175000000000000000e+03 0.000000000000000000e+00
3.230365035818475462e+03 5.829046280221821689e+03 2.054897886052734975e+03
3.192645948100691839e+03 6.924893949369754409e+03 5.410407726093157180e+03
3.143480081259482176e+03 8.632796668776376464e+03 8.875874425869445986e+03
3.236441590380171419e+03 6.931939117761104171e+03 1.961852920430801760e+03
3.245072829564197491e+03 8.034700269403362654e+03 1.947399970477670877e+03
3.250464057588189462e+03 9.137383624525678897e+03 1.977946424584119995e+03
3.250021174604018142e+03 1.024000208581539482e+04 2.023507039678264391e+03
3.252477264429666320e+03 1.134256017544302631e+04 2.061506500374975531e+03
3.255661055005733488e+03 1.244390339090782072e+04 2.076333521040470259e+03
3.255571635940788383e+03 1.354518777089020477e+04 2.073281165330967724e+03
3.257031918604701787e+03 1.464641686589626806e+04 2.062415170337284053e+03
3.257587529164893567e+03 1.574758925303137767e+04 2.050231561798687835e+03
3.258841657736073557e+03 1.684871111970086713e+04 2.038021791603666998e+03
4.406692286253952261e+03 6.780068293634573138e+02 2.066807940341855556e+03
4.406509421772764654e+03 2.018031907612967188e+03 2.094451111622457120e+03
4.405032003993426770e+03 3.358083986798946626e+03 2.122081788703658731e+03
4.879380115888422552e+03 6.847856033643531646e+02 2.070368934710980739e+03
4.878014022191495314e+03 3.364891683857896169e+03 2.111306815920354438e+03
4.879103714352267161e+03 4.612547413348564987e+03 2.096326233166818383e+03
4.880625939503105656e+03 5.860176464763866534e+03 2.073862838150466814e+03
4.883939359148425865e+03 6.960399067903856121e+03 2.062468896189515817e+03
4.893071264009743572e+03 8.060607081871455193e+03 2.057493351888565940e+03
4.898514482809153378e+03 9.160798831122896445e+03 2.056078315204797036e+03
4.897950845702693186e+03 1.026096702422418457e+04 2.055259077604698177e+03
4.900386706533069628e+03 1.136111496225662449e+04 2.051799647075405574e+03
4.903731810758880783e+03 1.246162413491869665e+04 2.047880594765804972e+03
4.903550041730180055e+03 1.356211263637038428e+04 2.046921567353261707e+03
4.905016011187622098e+03 1.466257545194229715e+04 2.047502002623522003e+03
4.905721618109040719e+03 1.576257473331660003e+04 2.048052686861960410e+03
4.905707978389167693e+03 1.686254721493885154e+04 2.048176226134840363e+03
6.000000000000000000e+03 1.067500000000000000e+04 0.000000000000000000e+00
6.002264235056896723e+03 1.135882404577757916e+04 2.049223222318667013e+03
6.000000000000000000e+03 1.617500000000000000e+04 0.000000000000000000e+00
6.007056147326036807e+03 1.687096358230114856e+04 2.047402234243470957e+03
6.023246175955207036e+03 1.832992299662033838e+04 5.447771435928268147e+03
6.045358769759780444e+03 1.959482699665130349e+04 8.850038053681544625e+03
7.081880861596047907e+03 6.857565924694645219e+02 2.069833930633539239e+03
7.081916620254211921e+03 3.365704726605853466e+03 2.117362762078605101e+03
7.083463632373248402e+03 4.260705493414538978e+03 2.104281185090792860e+03
7.084244480583675795e+03 4.613201823177407277e+03 2.096086987557166140e+03
7.085833367382796496e+03 5.060692346669014114e+03 2.084897841942144623e+03
7.087583746965332466e+03 5.860665387254322013e+03 2.067080943693496010e+03
7.095877755263460131e+03 6.960674560875887437e+03 2.053149585814882812e+03
7.101417991396573598e+03 8.060656020534388517e+03 2.048298225665492282e+03
7.102953527623303671e+03 9.160831853343646799e+03 2.048849120339441470e+03
7.105326129578958898e+03 1.026097895023939964e+04 2.050718789096118144e+03
7.104141496538392857e+03 1.136131755445502495e+04 2.049696671910784062e+03
7.105199618000582632e+03 1.246184300847470149e+04 2.047240412615254854e+03
7.107160419249911683e+03 1.356235610501021802e+04 2.046792700046114078e+03
7.108144581967891099e+03 1.466283945908184614e+04 2.047147348183002805e+03
7.108669205113917087e+03 1.576290275413416202e+04 2.046929895485603083e+03
7.108431124076348169e+03 1.686293626474615303e+04 2.046034777313673658e+03
7.554566768074064385e+03 6.814659884396309053e+02 2.066276250108732256e+03
7.554905358363242158e+03 3.361594137270431020e+03 2.130838551063641262e+03
8.750000000000000000e+03 0.000000000000000000e+00 0.000000000000000000e+00
8.728800064579512764e+03 6.700966777017633831e+02 2.056549108404065919e+03
8.729865624731244679e+03 3.350302474515299764e+03 2.172473923811784061e+03
8.731346245118907973e+03 4.245119201805704506e+03 2.172153970172699246e+03
8.735301278944525620e+03 5.044936903066858576e+03 2.134960624893878503e+03
8.750000000000000000e+03 5.175000000000000000e+03 0.000000000000000000e+00
8.737642990363443460e+03 5.844738917192717963e+03 2.050247899907049941e+03
8.698225798287981888e+03 6.923251841528609475e+03 5.400638758730974587e+03
8.643480081259482176e+03 8.556857324526228695e+03 8.861041008089499883e+03
8.743897293176387393e+03 6.948362627539181631e+03 1.965674216890450225e+03
8.749450235250802507e+03 8.051433060633480636e+03 1.959027553223041423e+03
8.751132095104998371e+03 9.154460615354884794e+03 1.986892407025218972e+03
8.753239612108742222e+03 1.025651262816584858e+04 2.026423032707187758e+03
8.752042537514606011e+03 1.135852401213553094e+04 2.058155904979313163e+03
8.753262931715094965e+03 1.245946613766875817e+04 2.067542776547982612e+03
8.754718550681056513e+03 1.356037238791847449e+04 2.063145034632244460e+03
8.756129818500308829e+03 1.466127535806041851e+04 2.054277313332904669e+03
8.756491828399495716e+03 1.576214168018529563e+04 2.046053574248346649e+03
8.755319302091775171e+03 1.686280563713980155e+04 2.038680215686458268e+03
9.005153361072843836e+03 1.686869172080656426e+04 2.036089303271177414e+03
9.229845398571520491e+03 3.355057409218656630e+03 2.188426701717944070e+03
9.238602411783054777e+03 5.850701470235634588e+03 2.049263236412306469e+03
9.802187418589553999e+03 5.857533169578769957e+03 2.049314739897297841e+03
9.798217623473423373e+03 5.351214324421765014e+03 2.088402124391489451e+03
9.801644096925661870e+03 4.731354425661735149e+03 2.133108961538014228e+03
9.802319402318604261e+03 3.363097810068379658e+03 2.201124264934313942e+03
9.811166684056594022e+03 6.829894881241309577e+02 2.052021578812923053e+03
1.036584003436072453e+04 5.856159386731653285e+03 2.051707585827012736e+03
1.089363164714954473e+04 6.691880521706090121e+02 2.051000433139858615e+03
1.089646545561185485e+04 3.346334191565135370e+03 2.199369717770866828e+03
1.090167603968996082e+04 4.719707932516457731e+03 2.128798385074047474e+03
1.089990192980475695e+04 5.339829662134567116e+03 2.090036415719482648e+03
1.090812937683628479e+04 5.841907962150317871e+03 2.057397492493162645e+03
1.200000000000000000e+04 0.000000000000000000e+00 0.000000000000000000e+00
1.197600890468103171e+04 5.361079577194287822e+02 2.050958344311879500e+03
1.197976332398044542e+04 3.221092813888733417e+03 2.147416247608649883e+03
1.200000000000000000e+04 5.175000000000000000e+03 0.000000000000000000e+00
1.199238326964055705e+04 5.724672323425110335e+03 2.068753494555254747e+03
1.194695599699353988e+04 7.545128193611784809e+03 5.457068992429411082e+03
1.189348008125948218e+04 8.511984075651140301e+03 8.956712193629100511e+03
1.199646060757811028e+04 6.834492771121598707e+03 2.028000012622044551e+03
1.200000000000000000e+04 1.067500000000000000e+04 0.000000000000000000e+00
1.200151404231960259e+04 1.127337831599837591e+04 2.083939147375770517e+03
1.198237346475990671e+04 1.308581731101622790e+04 5.516902261363818070e+03
1.196941942550963176e+04 1.401198407565114030e+04 8.950058150780951109e+03
1.205547793443291994e+04 1.401845844141977432e+04 2.051344612333537043e+03
1.200000000000000000e+04 1.617500000000000000e+04 0.000000000000000000e+00
1.200432407704488651e+04 1.702364131469127824e+04 1.992413080027245996e+03
1.201793790500757859e+04 1.857828863530677336e+04 5.363200262719210514e+03
1.204535876975977953e+04 1.951198407565114030e+04 8.734344483321390726e+03
1.400000000000000000e+04 0.000000000000000000e+00 0.000000000000000000e+00
1.397600890468103171e+04 -5.361079577195235970e+02 2.049041655688119135e+03
1.397976332398044542e+04 2.138907186111171086e+03 1.952583752391319194e+03
1.400000000000000000e+04 5.175000000000000000e+03 0.000000000000000000e+00
1.399238326964055523e+04 4.625327676574794168e+03 2.031246505444740933e+03
1.394695599699351260e+04 2.804871806387845936e+03 5.342931007570576185e+03
1.389348008125942579e+04 1.838015924348331737e+03 8.763287806370879480e+03
1.399646060757810665e+04 5.715507228878305796e+03 2.071999987377962043e+03
1.400000000000000000e+04 1.067500000000000000e+04 0.000000000000000000e+00
1.400151404231960259e+04 1.007662168400152768e+04 2.016060852624224026e+03
1.398237346475989943e+04 8.264182688983395565e+03 5.338097738636167378e+03
1.396941942550961903e+04 7.338015924348332192e+03 8.769941849219034339e+03
1.405547793443293267e+04 1.283154155858012928e+04 2.048655387666462957e+03
1.400000000000000000e+04 1.617500000000000000e+04 0.000000000000000000e+00
1.400432407704489015e+04 1.532635868530858716e+04 2.107586919972763553e+03
1.401793790500759678e+04 1.377171136469284465e+04 5.546799737280805857e+03
1.404535876975981046e+04 1.283801592434833219e+04 8.985655516678631102e+03
1.506023164714954328e+04 -6.691880521707089429e+02 2.048999566860140021e+03
1.506306545561185339e+04 2.013665808434767769e+03 1.900630282229102477e+03
1.506827603968994845e+04 3.386292067483444953e+03 1.971201614925937747e+03
1.506650192980474640e+04 4.006170337865335568e+03 2.009963584280510076e+03
1.507472937683627970e+04 4.508092037849584813e+03 2.042602507506836218e+03
1.561584003436072089e+04 4.493840613268237576e+03 2.048292414172987264e+03
1.614456668405659548e+04 -6.829894881242663587e+02 2.047978421187075355e+03
1.615731940231860244e+04 1.996902189931487101e+03 1.898875735065656500e+03
1.616764409692565096e+04 3.365845574338132792e+03 1.966891038461969856e+03
1.616921762347341246e+04 3.985985675578103837e+03 2.011597875608503273e+03
1.617718741858955036e+04 4.492466830421097256e+03 2.050685260102703069e+03
1.672984539857152049e+04 2.004942590781180115e+03 1.911573298282026826e+03
1.673860241178304932e+04 4.499298529764203522e+03 2.050736763587694441e+03
1.700515336107284747e+04 1.548130827919325748e+04 2.063910696728821677e+03
1.725000000000000000e+04 0.000000000000000000e+00 0.000000000000000000e+00
1.722880006457951094e+04 -6.700966777019438041e+02 2.043450891595932944e+03
1.722986562473124286e+04 2.009697525484519247e+03 1.927526076188187972e+03
1.723134624511890797e+04 2.904880798194113595e+03 1.927846029827273014e+03
1.723530127894452016e+04 3.705063096932960434e+03 1.965039375106102625e+03
1.725000000000000000e+04 5.175000000000000000e+03 0.000000000000000000e+00
1.723764299036343800e+04 4.505261082807099228e+03 2.049752100092950513e+03
1.719822579828795642e+04 3.426748158471041734e+03 5.399361241269027232e+03
1.714348008125942579e+04 1.793142675473218333e+03 8.858958991910503755e+03
1.724389729317638557e+04 5.601637372460635561e+03 2.134325783109570239e+03
1.724945023525080251e+04 6.698566939366337465e+03 2.140972446776981087e+03
1.725113209510500019e+04 7.795539384644934216e+03 2.113107592974797626e+03
1.725323961210874404e+04 8.893487371833971338e+03 2.073576967292819063e+03
1.725204253751460783e+04 9.991475987864288982e+03 2.041844095020685472e+03
1.725326293171509315e+04 1.109053386233106175e+04 2.032457223452013068e+03
1.725471855068105288e+04 1.218962761208134543e+04 2.036854965367750992e+03
1.725612981850029973e+04 1.328872464193940323e+04 2.045722686667091921e+03
1.725649182839949572e+04 1.438785831981452793e+04 2.053946425751651077e+03
1.725531930209177881e+04 1.548719436286002019e+04 2.061319784313540367e+03
1.840456676807406257e+04 -6.814659884398253098e+02 2.033723749891267062e+03
1.840490535836324125e+04 1.998405862729375258e+03 1.969161448936336456e+03
1.887788086159604791e+04 -6.857565924696617685e+02 2.030166069366460761e+03
1.887791662025421101e+04 1.994295273393949628e+03 1.982637237921376482e+03
1.887946363237324840e+04 2.889294506585264571e+03 1.995718814909189177e+03
1.888024448058367125e+04 3.241798176822397181e+03 2.003913012442817490e+03
1.888183336738279104e+04 3.689307653330790799e+03 2.015102158057842644e+03
1.888358374696532701e+04 4.489334612745484264e+03 2.032919056306498078e+03
1.889187775526345649e+04 5.589325439123922479e+03 2.046850414185116961e+03
1.889741799139657087e+04 6.689343979465424127e+03 2.051701774334509537e+03
1.889895352762330367e+04 7.789168146656168574e+03 2.051150879660559895e+03
1.890132612957895981e+04 8.889021049760416645e+03 2.049281210903882311e+03
1.890014149653839195e+04 9.988682445544793154e+03 2.050303328089215938e+03
1.890119961800058081e+04 1.108815699152511843e+04 2.052759587384745373e+03
1.890316041924990714e+04 1.218764389498960372e+04 2.053207299953885922e+03
1.890414458196788473e+04 1.328716054091797741e+04 2.052852651816996968e+03
1.890466920511391436e+04 1.438709724586565972e+04 2.053070104514396462e+03
1.890443112407635272e+04 1.548706373525367235e+04 2.053965222686325887e+03
2.000000000000000000e+04 1.067500000000000000e+04 0.000000000000000000e+00
2.000226423505689672e+04 9.991175954222231667e+03 2.050776777681332987e+03
2.000000000000000000e+04 1.617500000000000000e+04 0.000000000000000000e+00
2.000705614732604226e+04 1.547903641769865862e+04 2.052597765756529498e+03
2.002324617595522432e+04 1.402007700337922142e+04 5.462228564071733672e+03
2.004535876975981228e+04 1.275517300334812171e+04 8.869961946318457194e+03
2.108338011588842346e+04 -6.847856033645596199e+02 2.029631065289020171e+03
2.108201402219149531e+04 1.995108316141897376e+03 1.988693184079639423e+03
2.108310371435226261e+04 3.242452586651228103e+03 2.003673766833174113e+03
2.108462593950309747e+04 4.489823535235927011e+03 2.026137161849526365e+03
2.108793935914841859e+04 5.589600932095937424e+03 2.037531103810477816e+03
2.109707126400974084e+04 6.689392918128340170e+03 2.042506648111428376e+03
2.110251448280915065e+04 7.789201168876897100e+03 2.043921684795198644e+03
2.110195084570268591e+04 8.889032975775606246e+03 2.044740922395299322e+03
2.110438670653307054e+04 9.988885037743166322e+03 2.048200352924593972e+03
2.110773181075888351e+04 1.108837586508109234e+04 2.052119405234196620e+03
2.110755004173017369e+04 1.218788736362940472e+04 2.053078432646740566e+03
2.110901601118761391e+04 1.328742454805749185e+04 2.052497997376479816e+03
2.110972161810903708e+04 1.438742526668318897e+04 2.051947313138040499e+03
2.110970797838917497e+04 1.548745278506093564e+04 2.051823773865159637e+03
2.155669228625395408e+04 -6.780068293636660428e+02 2.033192059658145126e+03
2.155650942177276374e+04 6.619680923868243099e+02 2.005548888377539697e+03
2.155503200399342677e+04 2.001916013200844645e+03 1.977918211296333311e+03
2.275000000000000000e+04 0.000000000000000000e+00 0.000000000000000000e+00
2.273243938346129653e+04 -6.547705869734562611e+02 2.044954804320780113e+03
2.273151975254957506e+04 6.849998345763453926e+02 1.985750558618199875e+03
2.273010500690079789e+04 2.025137860899786119e+03 1.940923465622936646e+03
2.273019618299313515e+04 3.272964256023504277e+03 1.945533907405733316e+03
2.275000000000000000e+04 5.175000000000000000e+03 0.000000000000000000e+00
2.273036503581846773e+04 4.520953719777964579e+03 2.045102113947263661e+03
2.269264594810066410e+04 3.425106050629861784e+03 5.389592273906839182e+03
2.264348008125942579e+04 1.717203331223024634e+03 8.844125574130548557e+03
2.273644159038016369e+04 5.618060882238676641e+03 2.138147079569217112e+03
2.274507282956419294e+04 6.715299730596412701e+03 2.152600029522350269e+03
2.275046405758818946e+04 7.812616375474091910e+03 2.122053575415894556e+03
2.275002117460401132e+04 8.909997914184372348e+03 2.076492960321741066e+03
2.275247726442966450e+04 1.000743982455673540e+04 2.038493499625022650e+03
2.275566105500573758e+04 1.110609660909193735e+04 2.023666478959525421e+03
2.275557163594078156e+04 1.220481222910954966e+04 2.026718834669029093e+03
2.275703191860469087e+04 1.330358313410348092e+04 2.037584829662714810e+03
2.275758752916488811e+04 1.440241074696836768e+04 2.049768438201313074e+03
2.275884165773608038e+04 1.550128888029887457e+04 2.061978208396335503e+03
2.300901072590101103e+04 1.549300078187904546e+04 2.065283586541260320e+03
2.381755011091738197e+04 -6.549299992721536228e+02 2.049292791865064828e+03
2.381485746149439001e+04 6.847789857797528157e+02 1.962816245082905198e+03
2.381352874409838114e+04 2.024517018401538962e+03 1.920225746314057233e+03
2.381348939617562064e+04 3.271374199598237738e+03 1.957643947197588886e+03
2.381544957246564445e+04 4.518253065839279770e+03 2.049361802713324323e+03
2.436034258180395773e+04 -6.705910537275086654e+02 2.049240762038796674e+03
2.435799760030240941e+04 4.504061301315175115e+03 2.046920816269485840e+03
2.490203590644170254e+04 -6.925790850568507722e+02 2.048513912921072460e+03
2.489692247923753894e+04 1.987209689397039028e+03 1.868368805358049485e+03
2.489956316005326516e+04 4.482180495791978501e+03 2.039723906015897455e+03
2.600000000000000000e+04 0.000000000000000000e+00 0.000000000000000000e+00
2.598534378122003545e+04 -7.267249367624449405e+02 2.048701246587921105e+03
2.598022018562775702e+04 1.950943051165430688e+03 1.800999777243235712e+03
2.600000000000000000e+04 5.175000000000000000e+03 0.000000000000000000e+00
2.598257723836068908e+04 4.443713914186970214e+03 2.031785798736147399e+03
2.594302424925750893e+04 2.625504863885869327e+03 5.352161604577197068e+03
2.589348008125942579e+04 1.672330082347911230e+03 8.772064727961194876e+03
2.598712954944825833e+04 5.548549849116959194e+03 2.237297643890272866e+03
2.600000000000000000e+04 1.067500000000000000e+04 0.000000000000000000e+00
2.600265499713392273e+04 9.968179805859525004e+03 2.014965740940071328e+03
2.600018461574658068e+04 8.102763909346031141e+03 5.334527821857723211e+03
2.596941942550961903e+04 7.172330082347911230e+03 8.766345742156368942e+03
2.596831843525447402e+04 1.274894027655642640e+04 2.047591368383179770e+03
2.600000000000000000e+04 1.617500000000000000e+04 0.000000000000000000e+00
2.601309298514771217e+04 1.523345261774668143e+04 2.107848271675267824e+03
2.603924882519067978e+04 1.361013108193842345e+04 5.545920081830102390e+03
2.604535876975981228e+04 1.267233008234791123e+04 8.984877100289291775e+03
